10,38105625
11,987542
12,980375
13,706708
14,632000
15,595292
16,543000
17,531666
18,557875
19,553667
20,433959
21,400333
22,397459
23,376875
24,390167
25,471000
26,435666
27,465500
28,361291
29,395583
30,390125
31,381625
32,449042
33,334042
34,364333
35,370084
36,362375
37,460583
38,306000
39,332083
40,339250
41,372709
42,339250
43,308125
44,357250
45,383458
46,367250
47,371167
48,390583
49,380291
50,414292
51,421333
52,417459
53,448042
54,447042
55,417416
56,422500
57,423833
58,456417
59,432792
60,456459
61,1774791
62,406041
63,441000
64,423000
65,370875
66,314292
67,421917
68,388417
69,1131791
70,446375
71,305083
72,448292
73,508458
74,403625
75,480875
76,381708
77,365542
78,496125
79,445041
80,452833
81,443000
82,595250
83,484542
84,528625
85,526500
86,295875
87,282833
88,328958
89,277417
90,272042
91,354000
92,287042
93,371625
94,270166
95,343834
96,1593500
97,291917
98,275709
99,270708
100,289625
101,310917
102,273250
103,300875
104,318500
105,303833
106,336791
107,304250
108,326625
109,312416
110,318917
111,338208
112,381291
113,336208
114,349000
115,334917
116,335667
117,330250
118,330042
119,360458
120,367916
121,368583
122,383750
123,373791
124,534458
125,597375
126,569459
127,558041
128,593333
129,604666
130,620333
131,564541
132,632209
133,603791
134,632459
135,651459
136,684625
137,745583
138,727000
139,690584
140,743917
141,709500
142,677791
143,675833
144,1889917
145,512167
146,497000
147,423292
148,424333
149,488750
150,461000
151,453416
152,472541
153,467291
154,484750
155,496709
156,481250
157,479042
158,477833
159,497916
160,520917
161,463042
162,521666
163,546125
164,600167
165,677042
166,648583
167,629417
168,617875
169,658416
170,543084
171,586416
172,622000
173,673542
174,636083
175,664750
176,668166
177,685417
178,664583
179,664459
180,1565250
181,583375
182,593250
183,579625
184,613334
185,585625
186,620000
187,588958
188,609792
189,604500
190,592875
191,628625
192,627125
193,629709
194,660666
195,661625
196,608583
197,656625
198,701750
199,733917
200,677375
201,666709
202,716042
203,692708
204,671208
205,659458
206,702958
207,736416
208,789417
209,1122000
210,1056708
211,1162917
212,1083750
213,1120792
214,1146250
215,1210917
216,1128458
217,1144583
218,1217292
219,1138042
220,1260000
221,1252583
222,1236791
223,1251042
224,1141833
225,1271792
226,1375792
227,1256042
228,1297458
229,1259958
230,1313500
231,1397750
232,1899625
233,852000
234,756292
235,823792
236,728334
237,780250
238,880875
239,830250
240,839875
241,806542
242,812167
243,850917
244,901625
245,987500
246,918917
247,970125
248,980750
249,960209
250,913292
251,947125
252,854125
253,1062500
254,1025875
255,1006583
256,1039834
257,1227916
258,1076333
259,1017375
260,1146625
261,1107792
262,996958
263,1095042
264,1135083
265,1041000
266,1125625
267,1181125
268,1223917
269,1235084
270,1172917
271,2391834
272,1018875
273,1039625
274,1022958
275,1003167
276,1062625
277,1052458
278,1096959
279,1103042
280,1098417
281,1113875
282,1069042
283,1068666
284,1037625
285,1163208
286,1128292
287,1160500
288,1178792
289,1246417
290,1235459
291,1193000
292,1148958
293,1152333
294,1179334
295,1742875
296,1591500
297,1687875
298,1652542
299,1829584
300,1833167
301,1632125
302,1708417
303,1794625
304,1904666
305,1775042
306,1996875
307,1986792
308,2082209
309,1964125
310,3342833
311,2258042
312,2258791
313,2118667
314,5063291
315,6652041
316,4003542
317,4547375
318,2453458
319,2640375
320,2266667
321,2168791
322,2056875
323,2273083
324,2265791
325,2442833
326,2275042
327,2351334
328,3356959
329,2967500
330,2544584
331,4544458
332,2160375
333,2402125
334,2389292
335,2428250
336,2461666
337,2364167
338,2186042
339,2107709
340,2077583
341,2038417
342,2118250
343,2214750
344,2577000
345,2285458
346,2303875
347,2082958
348,2283833
349,1734417
350,1417625
351,1465083
352,1497500
353,1386166
354,1550625
355,3453541
356,1674375
357,2517750
358,2808667
359,2472125
360,2274166
361,2555833
362,2256375
363,2450250
364,2584166
365,2277042
366,2535375
367,2426625
368,2567250
369,2642250
370,2679000
371,2754083
372,2739375
373,2599542
374,2816834
375,2875459
376,2697791
377,3393625
378,3009333
379,1910834
380,1890166
381,1733292
382,1735167
383,1793958
384,1896583
385,1692667
386,1823500
387,1740208
388,1806542
389,1951667
390,2126208
391,1879917
392,1756958
393,1867458
394,1945042
395,2001792
396,1865792
397,1987292
398,1899792
399,1852166
400,1925042
401,1945750
402,1903584
403,1898292
404,1843459
405,1990625
406,1936458
407,1859583
408,1844416
409,1970375
410,2036542
411,1905583
412,1890834
413,1945667
414,1922834
415,1942667
416,1945042
417,2311958
418,2950584
419,3479334
420,3796458
421,3349583
422,3619083
423,3942250
424,3756667
425,3422917
426,3792500
427,3434416
428,3499791
429,3392791
430,4147833
431,3526458
432,3746208
433,3375375
434,3462708
435,3346375
436,3609292
437,4818500
438,4422792
439,3725458
440,3663542
441,3760417
442,3647000
443,4214584
444,4891458
445,4117000
446,4027708
447,3761500
448,4515291
449,4844542
450,4086584
451,3161208
452,2230417
453,2223958
454,2260334
455,2446125
456,2258708
457,2251292
458,2583041
459,2320750
460,2383542
461,2245625
462,2399834
463,2445375
464,2574958
465,2478333
466,2529667
467,2296125
468,2439916
469,2470125
470,2361667
471,2373583
472,2417334
473,2622083
474,2461541
475,2389959
476,2340292
477,2447042
478,2391792
479,2512834
480,2510542
481,3075084
482,3731875
483,3824667
484,4125291
485,3530542
486,3436417
487,3923375
488,3572042
489,3745667
490,3985667
491,3765291
492,4069375
493,3811333
494,4046625
495,4222541
496,4441250
497,4232167
498,4014292
499,4383500
500,4681333
501,4403542
502,4554750
503,4174541
504,4219917
505,4229750
506,4289750
507,4353583
508,3725750
509,3608375
510,2801166
511,2744458
512,2658750
513,2798042
514,3019041
515,2879167
516,3033250
517,2842333
518,2833333
519,3052250
520,2931667
521,2861917
522,3049084
523,3070250
524,2858291
525,2835792
526,3021500
527,2910041
528,2969709
529,2960792
530,3066875
531,2980333
532,2899292
533,2973042
534,3021625
535,3308459
536,3040250
537,2942500
538,2945583
539,3221291
540,3087750
541,3081666
542,2981416
543,3181708
544,3105500
545,3088958
546,3132958
547,3006375
548,3184084
549,3194416
550,3161875
551,3199166
552,3282208
553,3279708
554,3342709
555,3232667
556,3314167
557,4003500
558,5120750
559,4867375
560,27854000
561,7044875
562,7550250
563,6432041
564,6255666
565,5256083
566,6064042
567,5361500
568,6484000
569,5626833
570,5528750
571,5128750
572,5085291
573,3668250
574,3626166
575,3290208
576,3616541
577,3770959
578,3406417
579,3525167
580,3440375
581,3382292
582,3857333
583,3419875
584,3560833
585,3432500
586,3585667
587,5750792
588,3813958
589,6129083
590,7489750
591,7119375
592,9031167
593,7759083
594,3791583
595,3782166
596,3739625
597,3629291
598,3666750
599,3647000
600,3874125
601,3976083
602,3989291
603,3784250
604,3699458
605,3964208
606,3792541
607,3827125
608,4261041
609,3814291
610,4291459
611,4009084
612,4331500
613,6343459
614,6129875
615,5697417
616,5893708
617,5445667
618,5837042
619,6205417
620,6303000
621,6006125
622,6066709
623,6649334
624,6019208
625,4639500
626,4175125
627,4049792
628,4118792
629,4059250
630,3932833
631,4108125
632,3903583
633,4280708
634,4016250
635,4163833
636,4165167
637,4190208
638,4137500
639,4334208
640,4173875
641,4415500
642,4056084
643,4385208
644,4254542
645,4121625
646,4182000
647,4301125
648,4394458
649,4379417
650,4582000
651,4257291
652,4399125
653,4702209
654,4399750
655,4297959
656,4320000
657,4299083
658,4344125
659,4449542
660,4392875
661,4432708
662,4533042
663,4660084
664,4506917
665,4560125
666,4666417
667,4860750
668,4406333
669,4625500
670,4529917
671,4426625
672,4443750
673,4586875
674,4559417
675,4516125
676,4417459
677,4357792
678,4679500
679,4669000
680,4580958
681,4553750
682,4519417
683,4960333
684,4665166
685,4800541
686,4883250
687,4654333
688,5302417
689,4678916
690,4694375
691,4832584
692,4807375
693,4936417
694,4961750
695,5151125
696,4958459
697,5118375
698,4752000
699,4817708
700,5028333
701,5189833
702,4897041
703,5154417
704,4834000
705,5009375
706,5128875
707,4897000
708,4908125
709,5171334
710,5024792
711,4980917
712,5095625
713,4921334
714,5207834
715,4856458
716,4865208
717,5112125
718,5152334
719,5045292
720,5138084
721,5347167
722,5461541
723,5366125
724,5305333
725,5318667
726,5124250
727,5322666
728,5579375
729,5631000
730,5432792
731,5198709
732,5293375
733,5679667
734,5533458
735,5245250
736,5511000
737,5668542
738,5311625
739,5573625
740,5537958
741,5817208
742,5519542
743,5681333
744,5607708
745,5492916
746,5608875
747,5692375
748,5815375
749,5426875
750,5719417
751,5417583
752,5777208
753,5789333
754,6199333
755,5467875
756,5262334
757,6028250
758,5955208
759,5496167
760,5843458
761,5768667
762,5819541
763,5988166
764,5789500
765,5859542
766,6203167
767,5734791
768,6953333
769,6114542
770,5852250
771,5787083
772,5995500
773,5900000
774,5822750
775,6017250
776,6195250
777,6043500
778,5930709
779,6129250
780,5842375
781,6297459
782,5983541
783,6369292
784,6153958
785,5979167
786,5916084
787,6003250
788,6046459
789,5858167
790,6013000
791,5941875
792,6186167
793,5962792
794,6332042
795,6860958
796,6199958
797,6246041
798,6548167
799,6374000
800,6453584
801,6868708
802,6156500
803,6173833
804,6178833
805,6515250
806,7061458
807,6593583
808,6290792
809,6522833
810,6378875
811,6840833
812,6522625
813,7001833
814,6492708
815,6518167
816,6429750
817,6746625
818,6366125
819,6975917
820,6568625
821,6465875
822,6192958
823,6386333
824,6685583
825,6571709
826,6396458
827,6712917
828,6767500
829,6783792
830,6945959
831,6961542
832,7224208
833,7063417
834,6980459
835,6970250
836,6829750
837,6849583
838,7020916
839,6848875
840,6977875
841,7217000
842,7112250
843,6750875
844,6784708
845,6833375
846,7132542
847,7201375
848,6950750
849,6924375
850,6988458
851,6973833
852,6974166
853,6938167
854,6966458
855,6998084
856,6876291
857,7188625
858,7197417
859,7470375
860,7432166
861,7245208
862,7661917
863,7475958
864,7496000
865,7621833
866,7387542
867,7368583
868,7396583
869,7354209
870,7880416
871,7228292
872,7363250
873,7768542
874,7535791
875,8389542
876,7774709
877,7288834
878,7743250
879,7294416
880,7427084
881,7095292
882,7906791
883,7540250
884,7409167
885,7655584
886,7629291
887,8222750
888,7458125
889,8118916
890,8677834
891,7538708
892,8006208
893,8133958
894,7930667
895,7775375
896,7829542
897,7821750
898,7834084
899,7710416
900,8021583
901,7903291
902,8015708
903,8265667
904,8012166
905,7915833
906,7606084
907,7463875
908,7693709
909,8213292
910,8245208
911,7863250
912,8454791
913,7971542
914,7781250
915,8074416
916,8185250
917,7976917
918,8086875
919,8599375
920,8276208
921,8348792
922,8222792
923,8687458
924,8393291
925,8141375
926,8312084
927,8434916
928,8895042
929,8157625
930,8338167
931,8323125
932,8156500
933,8438459
934,8229458
935,8409917
936,8361708
937,8520083
938,8501375
939,8518667
940,8241750
941,9048333
942,8606333
943,8638667
944,9166834
945,8766334
946,8807958
947,8708292
948,8998166
949,9084375
950,8882542
951,8695666
952,8610042
953,8621375
954,8792041
955,8927625
956,8795709
957,8615208
958,8703042
959,8776792
960,8459459
961,9051333
962,9279042
963,8599417
964,8946416
965,9131084
966,9332958
967,9188125
968,8784500
969,9206667
970,9644458
971,9065333
972,9098000
973,9422667
974,9193667
975,9177834
976,8839541
977,8597750
978,8946417
979,8959791
980,8860958
981,9303292
982,8624792
983,9279875
984,9784666
985,9446083
986,9171542
987,9368959
988,9513625
989,9320875
990,10101500
991,9807917
992,9453291
993,9628917
994,9679584
995,9834709
996,9570625
997,9765667
998,9139083
999,9314916
1000,9781834
1001,9867417
1002,9555666
1003,9951917
1004,10104292
1005,9777333
1006,9837709
1007,9561875
1008,10045750
1009,9955042