10,16978542
11,1294792
12,1252083
13,1182708
14,1225833
15,1081292
16,1287083
17,927458
18,1070125
19,887750
20,840167
21,1003583
22,736375
23,530833
24,482292
25,510208
26,456458
27,475959
28,460083
29,462458
30,532542
31,526875
32,492250
33,494125
34,423917
35,502125
36,424709
37,474542
38,494792
39,448541
40,456583
41,513584
42,541458
43,464958
44,487625
45,516958
46,519125
47,517291
48,528333
49,490000
50,529875
51,498209
52,597459
53,607125
54,496541
55,561459
56,503667
57,519791
58,552292
59,557375
60,757416
61,714417
62,678917
63,692041
64,689042
65,684709
66,678167
67,694333
68,691333
69,663666
70,703791
71,519750
72,486541
73,444667
74,448250
75,437500
76,484125
77,479083
78,474459
79,580834
80,482917
81,467583
82,514000
83,485167
84,454584
85,505750
86,475833
87,509709
88,494625
89,612792
90,454000
91,487333
92,504542
93,503917
94,499833
95,551417
96,619209
97,577125
98,502458
99,528375
100,586458
101,548625
102,619458
103,586459
104,542500
105,550625
106,642083
107,566625
108,620541
109,538166
110,578083
111,540041
112,455250
113,593041
114,564500
115,604167
116,557417
117,578208
118,637375
119,617416
120,628958
121,600625
122,624750
123,1849166
124,652958
125,648750
126,701708
127,650875
128,641375
129,628375
130,579750
131,576500
132,730792
133,735541
134,642792
135,717625
136,693250
137,748750
138,703958
139,736459
140,764458
141,745542
142,723667
143,667625
144,660417
145,754792
146,720958
147,698000
148,735375
149,782042
150,710542
151,759583
152,675750
153,826792
154,729625
155,735708
156,744541
157,785500
158,791584
159,861333
160,784750
161,787875
162,763875
163,695708
164,751333
165,782791
166,841792
167,770542
168,785000
169,789458
170,852084
171,800541
172,807291
173,820959
174,809000
175,857250
176,721291
177,815000
178,936000
179,887750
180,799209
181,820250
182,884833
183,848917
184,931542
185,838667
186,863709
187,819959
188,886291
189,897250
190,915125
191,893583
192,884708
193,853167
194,975458
195,970500
196,2195083
197,893958
198,937083
199,945750
200,986000
201,942083
202,995125
203,990584
204,897666
205,1073792
206,879750
207,1131292
208,1017667
209,916583
210,968833
211,1052167
212,969542
213,1114667
214,1079250
215,1007834
216,912208
217,950291
218,1046750
219,985791
220,997375
221,1038708
222,1062334
223,977166
224,969959
225,1099000
226,988833
227,1024375
228,1021708
229,1093250
230,1149375
231,1063209
232,1023291
233,1055083
234,1037625
235,1131625
236,1025541
237,1015041
238,1179666
239,1003833
240,1026666
241,1072959
242,1143083
243,1108750
244,1127166
245,1095625
246,1159541
247,1204666
248,1240042
249,1275458
250,1054375
251,1027375
252,1873417
253,1188416
254,1155041
255,1151459
256,1202083
257,1209542
258,1099208
259,1180542
260,1086792
261,1267875
262,1198125
263,1172708
264,1156125
265,1175833
266,1329666
267,1222542
268,1253125
269,1153750
270,1305666
271,1200042
272,1227375
273,1278375
274,1353166
275,1239917
276,1118041
277,1233583
278,1274791
279,1396500
280,1196541
281,1231959
282,1249583
283,1321666
284,1287833
285,1298083
286,1297916
287,1232542
288,1289041
289,1327042
290,1300291
291,1352167
292,1285000
293,1247042
294,1226334
295,1279375
296,1251709
297,1236708
298,1314167
299,1320833
300,1240333
301,2125458
302,1251000
303,1179750
304,1315958
305,1298292
306,1288209
307,1267666
308,1308125
309,1356625
310,1274875
311,1433958
312,1361708
313,1290917
314,1380625
315,1329167
316,1398666
317,1438125
318,1454208
319,1450792
320,1354416
321,1314500
322,1328208
323,1368084
324,1448000
325,1513334
326,1390375
327,1434292
328,1566375
329,1286667
330,1424417
331,1399667
332,1453500
333,1365667
334,1521917
335,1384500
336,1316334
337,1411250
338,1494625
339,1475792
340,1540709
341,1512208
342,1392583
343,1423167
344,1402000
345,1640292
346,1279750
347,1376417
348,1305542
349,1375458
350,1413917
351,1489667
352,1406708
353,1348333
354,1431417
355,1487292
356,1341917
357,1421084
358,1381000
359,1364417
360,1395458
361,1519416
362,1535500
363,1512292
364,1501125
365,1428125
366,1581666
367,1556417
368,1479375
369,1480625
370,1467333
371,1419041
372,1373708
373,1589208
374,1409958
375,1524417
376,1513791
377,1527750
378,1448750
379,1499084
380,1512041
381,2340459
382,1545125
383,1659958
384,1612250
385,1571792
386,1728416
387,1592625
388,1781542
389,1612584
390,1560917
391,1679250
392,1700333
393,1636625
394,1759083
395,1731000
396,1635250
397,1643417
398,1695667
399,1696291
400,1632583
401,1692792
402,1720042
403,1642417
404,1865833
405,1732209
406,1677375
407,1862500
408,1677250
409,1759292
410,1650083
411,1791291
412,1798167
413,1702334
414,1687250
415,1780125
416,1771291
417,1737208
418,1667125
419,1778875
420,1725250
421,1833625
422,1807125
423,1804042
424,1776209
425,1892250
426,1744458
427,1839500
428,1804250
429,1848542
430,1707750
431,1737208
432,1826709
433,1661917
434,1793875
435,1900125
436,1792125
437,1808458
438,1760666
439,1880125
440,1773333
441,1753958
442,1747125
443,1706875
444,1743083
445,1872083
446,1870375
447,1860291
448,1912291
449,2911666
450,1675000
451,1806209
452,1862167
453,1827583
454,1820583
455,1811750
456,1810959
457,1790709
458,1908667
459,1985958
460,1829208
461,1849291
462,1792000
463,1912917
464,1888000
465,1939625
466,1888875
467,1864291
468,1884125
469,1829916
470,1763583
471,1846750
472,1699500
473,1853833
474,1945000
475,1877875
476,1918167
477,2052792
478,1961708
479,1954375
480,1850084
481,2077500
482,1967916
483,1854750
484,1930750
485,2115583
486,2040333
487,2011917
488,1915125
489,2165625
490,1967458
491,2083000
492,1992875
493,2027958
494,1894000
495,1960709
496,2034375
497,2070625
498,2064334
499,1974875
500,1958208
501,2046375
502,1972792
503,2016833
504,2130917
505,2053084
506,1839417
507,3464958
508,2043167
509,2071958
510,2086125
511,2035916
512,2026334
513,2103291
514,2129583
515,2020625
516,2111083
517,2010208
518,2057041
519,2238375
520,2096833
521,2210292
522,2143500
523,2064459
524,1949958
525,2396833
526,2198167
527,2102792
528,2085834
529,2239833
530,2335500
531,2028042
532,2191500
533,2030541
534,2045042
535,2143542
536,2162125
537,2095042
538,2049625
539,2174458
540,2312666
541,2125541
542,2144667
543,2058584
544,2136333
545,2253833
546,2077458
547,2112750
548,2458334
549,2341084
550,2202833
551,2080125
552,2137750
553,2097167
554,2172000
555,2158333
556,2121416
557,2062709
558,2696708
559,2225792
560,2239459
561,2155000
562,2277625
563,2301000
564,2186958
565,2253083
566,2208584
567,2271375
568,2183333
569,2421125
570,2314250
571,2287750
572,2210292
573,2393041
574,2230959
575,2467833
576,2133583
577,2294583
578,2217583
579,2539708
580,2339375
581,2349166
582,2391458
583,2377500
584,2534959
585,2318375
586,2269584
587,2340334
588,2403791
589,2372375
590,2354375
591,2250083
592,2382000
593,2299166
594,2404208
595,2354875
596,2419000
597,2358375
598,2329167
599,2355625
600,2273375
601,2429834
602,2439667
603,2270666
604,2862208
605,2389125
606,2376791
607,2297000
608,2357375
609,2512625
610,2298042
611,2514084
612,2477625
613,2392042
614,2372292
615,2338041
616,2504166
617,2458542
618,2274917
619,2496459
620,2380416
621,2433000
622,2446792
623,2357417
624,2472542
625,2418042
626,2438500
627,2502917
628,2435916
629,2373250
630,2523583
631,2431709
632,2579084
633,2532083
634,2356500
635,2619458
636,2370167
637,2426500
638,2443792
639,2613625
640,2449625
641,2493041
642,2546458
643,2462208
644,2459625
645,2466834
646,2876292
647,2559042
648,2461792
649,2403667
650,2531417
651,2570167
652,2643042
653,2503459
654,2582042
655,2755792
656,2660000
657,2610792
658,2512042
659,2891333
660,2613750
661,2653625
662,2712833
663,2519750
664,2662500
665,2549250
666,2654292
667,2484583
668,2621417
669,2689000
670,2512291
671,2519750
672,2863042
673,2571834
674,2591333
675,2657208
676,2740125
677,2620750
678,2781958
679,2459875
680,2727875
681,2880542
682,2750000
683,2726584
684,3139625
685,2700917
686,2596125
687,2624750
688,2626291
689,2577000
690,2756125
691,2654291
692,2689667
693,2737500
694,2639709
695,2656000
696,2689292
697,2723250
698,2728958
699,2738792
700,2641708
701,2718833
702,2773834
703,2655292
704,2650875
705,2753375
706,2776708
707,2680625
708,2720000
709,2832084
710,2782416
711,2603666
712,2752125
713,2663209
714,2547333
715,2789958
716,2755458
717,2765166
718,2865875
719,3333459
720,2702875
721,2712458
722,2877000
723,2865208
724,2715542
725,2851584
726,2941000
727,2877167
728,2832917
729,2859125
730,2948709
731,2838625
732,2943750
733,3102375
734,2830042
735,2994583
736,2830625
737,2855875
738,2847416
739,2902209
740,3094666
741,2921291
742,2849333
743,3049291
744,3140792
745,2990417
746,2888250
747,3046250
748,2974416
749,2884000
750,2944167
751,3337125
752,2967583
753,2846083
754,2849583
755,2989583
756,2935750
757,2833917
758,3032166
759,2914583
760,3024459
761,2794708
762,2956750
763,3014917
764,2864792
765,2911042
766,3022625
767,2961542
768,2951834
769,2958500
770,2989292
771,2999500
772,2814541
773,2934791
774,3137792
775,3120583
776,3085584
777,3002333
778,3024250
779,2993625
780,3046000
781,3008542
782,3523208
783,2933584
784,3122167
785,3227334
786,3049875
787,2975333
788,3009583
789,2982917
790,3168166
791,3155959
792,3237000
793,3042666
794,3171916
795,3155208
796,2826292
797,3113875
798,3045584
799,2960583
800,2981792
801,3076166
802,3156208
803,3327292
804,3017708
805,2975416
806,3317416
807,3342208
808,3063625
809,3214458
810,3406666
811,2904541
812,3076958
813,2905333
814,3190750
815,3125542
816,3144917
817,3214792
818,3173959
819,3226250
820,3356625
821,3182042
822,3258833
823,3086083
824,3112792
825,3342875
826,3262167
827,3172583
828,3183458
829,3227542
830,3313917
831,3192583
832,3153500
833,3074500
834,3175292
835,3358917
836,3201917
837,3975458
838,3131542
839,3185791
840,3212792
841,3278708
842,3507292
843,3441708
844,3156417
845,3088125
846,3135084
847,3190541
848,3272375
849,3270084
850,3096583
851,3294959
852,3289042
853,3228500
854,3283667
855,3157667
856,3269417
857,3190708
858,3414333
859,3222292
860,3386416
861,3255833
862,3395583
863,3941000
864,3224834
865,3463084
866,3252875
867,3328916
868,3469750
869,3380583
870,3576417
871,3179125
872,3660042
873,3291541
874,3295791
875,3421459
876,3290209
877,3561125
878,3444625
879,3477042
880,3397834
881,3457625
882,3465958
883,3248459
884,3330000
885,3292416
886,3216791
887,3761000
888,3427250
889,3547000
890,3374375
891,3348000
892,3547625
893,3459500
894,3455125
895,3504042
896,3455333
897,3568292
898,3323875
899,3494000
900,3551125
901,3472416
902,3536125
903,3614458
904,3640250
905,3500416
906,3492000
907,3582417
908,3681542
909,3728375
910,3848541
911,3528375
912,3384333
913,3407250
914,3433541
915,3483625
916,3589834
917,3602375
918,3527209
919,3519125
920,3666542
921,3557500
922,3708583
923,3516917
924,3632917
925,3564625
926,3576916
927,3547500
928,3655625
929,3827459
930,3524208
931,4069875
932,3691750
933,3431833
934,3612792
935,3430042
936,3763042
937,3431625
938,3721583
939,3788042
940,3673250
941,3679542
942,3590125
943,3712166
944,3651959
945,3774375
946,3653416
947,3853375
948,3532458
949,3592417
950,3781834
951,3726917
952,3855917
953,3833417
954,3761750
955,3567041
956,3738375
957,3533750
958,3557792
959,3606458
960,3959042
961,3852542
962,3676666
963,3792083
964,3583917
965,3517125
966,3668708
967,3814583
968,3718584
969,3487917
970,3669750
971,3587542
972,4200542
973,3581583
974,3752875
975,3791542
976,3746209
977,3733167
978,3654959
979,4045750
980,3803875
981,3905833
982,3889541
983,3769834
984,3837167
985,3937167
986,3640041
987,3661125
988,3864250
989,3863875
990,3993625
991,4315875
992,3926791
993,3922250
994,3827750
995,3830750
996,3888208
997,3848625
998,3837625
999,3726500
1000,3940541
1001,3959333
1002,3771667
1003,3881958
1004,3804416
1005,3803833
1006,3850584
1007,3952500
1008,3815709
1009,4289708